spinlock 54321190600  54326664404  56602378856  58247737764 93529311300 129613175440
pthread_mutex  61018875148   61065763620   61397396648   65408724280 111014875396 165743776172
control 9002277212  9003100600  9011260068  9092269420 9905564588 10802852796
asymmetric 17347789192   17373277740   17964418704   25066452736 100907822144 183858317972
asymmetric_var  15624795864   15906780288   16242120328   23272505876 95172504332 177379380056
experiment   15523096088    15537534300    15897311404    19513029984 57545635012 98673894676
experiment2    15537942904     15553479688     15805681336     19190944820 53543952088 92129267832
experiment3  15809963204   15837546092   16327889684   20446391988 64813292408 114401068644
experiment4  15578953280   15542973776   15824458252   19330604452 55617347576 93544771868
queues    20009952252     20036665688     20479274608     25730724316 79886237720 140134789016
message_passing   20006200528    20045650948    20440718848    25280339744 73385900620 127358932592

