=cluster;Spinlock(baseline);Pthread Mutex;Control;Asymmetric(Vasuvedan);Asymmetric Variation;One Function Pointer;Asynchronous FP;Message Passing;FP Spinlock;Function Pointer Queue;Message Passing Queue;
=table
yformat=%gx
=norotate
ylabel=Speedup
xlabel=Dominance Percentage


99.999 1 1.0395 1.82554 1.62552 1.71661 1.77162 1.74471 1.71106 1.75957 1.54035 1.53942 
99.99 1 1.04543 1.82479 1.62569 1.71386 1.76738 1.76832 1.71153 1.77003 1.53912 1.53896 
99.9 1 1.05979 1.88079 1.65177 1.7441 1.80518 1.78507 1.74442 1.7814 1.57095 1.56949 
99 1 0.995236 1.88833 1.50486 1.5854 1.71652 1.71571 1.65638 1.71937 1.48139 1.4931 
90 1 0.762282 2.35191 0.983617 1.01315 1.44225 1.41085 1.28581 1.39281 1.13499 1.19935 
80 1 0.651916 2.78224 0.80925 0.851022 1.29441 1.26933 1.15507 1.24691 0.990814 1.06835 
70 1 0.618374 2.89416 0.772775 0.815767 1.28702 1.23862 1.09551 1.217 0.968441 1.04139 
