spinlock 54326623736 54337910816 59038883592 59181033016 91222272276 130903873120 142272774560
pthread_lock 90307342892 90392026800 91355399392 98683154548 178805838684 259524856048 289124186908
control 51221629816 51593352700 51581137964 51721600836 56385313340 61903283560 63208306112
asymmetric 57855593032 57915269956 58476969896 66269495952 137367587580 218885457028 243151129712
asymmetric_var 54869494328 54929301608 55474909676 63054298724 136954071176 219097987276 246322080260
experiment 53270325220 53914703716 53522877244 57799089976 94936230688 138799595184 152408211436
experiment2 53124139940 53144296596 53416412304 56983651724 90393130580 128934284100 140311824992
experiment3 54980475768 54700413520 55408743280 59386494452 101893707416 151381686760 169643479692
experiment4 53864493376 53220404144 53452474424 57300938248 95049649336 137276037152 151326254676
queues 61129114208 61158190100 61566412184 66679524248 118281016372 174941264144 194514936668
message_passing 61136867228 61160899268 61651643736 66206332516 112885676276 163987267624 181962171076
