spinlock 94080070996 94133541196 96602774596 98384911108 132567032052 171109756224 184035878228
pthread_lock 90505114700 90043257304 91152376236 98855820164 173908122296 262471935148 297612590568
control 51535583228 51585862208 51362899136 52101475016 56365689108 61500763600 63588757948
asymmetric 57876860856 57903704448 58484522948 65378226740 134775085664 211442362988 238149343508
asymmetric_var 54805629948 54924807416 55388265436 62056702148 130846961520 201063746940 225598501124
experiment 53103998692 53261546648 53514239772 57316589272 91916616512 132191678096 142993648868
experiment2 53922986356 53233257360 54117125972 57343581116 93962653644 134803738788 148580984028
experiment3 54983573008 54999715120 55378184388 59397718124 103099887164 148137433876 167991675576
experiment4 53467713764 53181840336 54228610284 57221642664 95179645612 137226500988 151221390020
queues 61077239760 61160551576 61493189384 66413782572 116800622732 172696112316 190033212772
message_passing 61114029908 61166929324 61550516412 65893221692 110532571880 160162051736 176721642180
