=cluster;Spinlock(baseline);Pthread Mutex;Control;Asymmetric(Vasuvedan);Asymmetric Variation;One Function Pointer;Asynchronous FP;Message Passing;FP Spinlock;Function Pointer Queue;Message Passing Queue;
=table
yformat=%gx
=norotate
ylabel=Speedup
xlabel=Dominance Percentage


99.999 1 0.601575 1.06062 0.939004 0.990106 1.01983 1.02264 0.988108 1.00858 0.888719 0.888607 
99.99 1 0.601136 1.0532 0.938231 0.989234 1.00785 1.02246 0.993373 1.021 0.888481 0.888442 
99.9 1 0.646255 1.14458 1.00961 1.06424 1.10306 1.10526 1.06552 1.10451 0.958946 0.957621 
99 1 0.599708 1.14422 0.893036 0.938573 1.02391 1.03856 0.99654 1.03281 0.887544 0.893888 
90 1 0.510175 1.61784 0.664074 0.666079 0.960879 1.00917 0.895269 0.959733 0.771233 0.808094 
80 1 0.504398 2.11465 0.598047 0.597467 0.943114 1.01528 0.864727 0.953581 0.748273 0.798256 
70 1 0.492082 2.25086 0.585121 0.577588 0.933498 1.01398 0.838657 0.940172 0.731423 0.781881 
