=cluster;Spinlock(baseline);Pthread Mutex;Control;Asymmetric(Vasuvedan);Asymmetric Variation;One Function Pointer;Asynchronous FP;Message Passing;FP Spinlock;Function Pointer Queue;Message Passing Queue;
=table
yformat=%gx
=norotate
ylabel=Speedup
xlabel=Dominance Percentage


99.999 1 0.918017 6.22212 3.23038 3.55825 3.57457 3.60639 3.59675 3.60776 2.79961 2.79942 
99.99 1 0.917377 6.22149 3.22459 3.53455 3.56391 3.59971 3.52227 3.59799 2.79425 2.79804 
99.9 1 0.93168 6.36033 3.18351 3.53974 3.58952 3.62012 3.5947 3.61765 2.80243 2.81379 
99 1 0.909018 6.59542 2.44786 2.53242 3.03732 3.10901 2.91141 3.1488 2.33932 2.40246 
95 1 0.886763 8.11539 1.34688 1.31941 2.10776 2.19474 1.79584 2.13085 1.53221 1.66128 
90 1 0.857131 9.52973 1.01706 0.974721 1.68402 1.77011 1.40336 1.72115 1.21827 1.34844 
85 1 0.819155 11.534 0.813547 0.769343 1.42555 1.47525 1.14495 1.46692 1.00335 1.1245 
80 1 0.814905 13.3491 0.730946 0.686672 1.34119 1.36954 1.14427 1.30939 0.923378 1.02789 
75 1 0.782406 15.0933 0.674374 0.634027 1.49373 1.30477 1.38022 1.22757 0.850721 0.967642 
